{
  "split": "train",
  "weights_path": "models\\best_unet_metalnut_multiclass.pth",
  "data_dir": "data\\processed\\metal_nut",
  "image_size": 256,
  "device": "cpu",
  "all_pixels": {
    "summary": {
      "pixel_accuracy": 0.9974671523936474,
      "mean_iou_all": 0.6334192591618587,
      "mean_iou_no_background": 0.5422078157458681,
      "macro_f1_no_background": 0.6194794080474577,
      "macro_precision_no_background": 0.8238197460915138,
      "macro_recall_no_background": 0.6529998294560937,
      "defect_binary_precision": 0.9765525553594598,
      "defect_binary_recall": 0.9618640560298967,
      "defect_binary_f1": 0.969152654084161,
      "defect_binary_iou": 0.9401514762820032,
      "defect_binary_dice": 0.969152654084161
    },
    "per_class": [
      {
        "class_id": 0,
        "class_name": "background",
        "support": 17461557,
        "precision": 0.9989187135822889,
        "recall": 0.999344903779199,
        "f1": 0.9991317632317647,
        "iou": 0.9982650328258215,
        "dice": 0.9991317632317646,
        "specificity": 0.9618640560298967
      },
      {
        "class_id": 1,
        "class_name": "bent",
        "support": 20052,
        "precision": 0.9230769230769231,
        "recall": 0.0005984440454817474,
        "f1": 0.001196112633939696,
        "iou": 0.0005984142023637361,
        "dice": 0.001196112633939696,
        "specificity": 0.9999999442487327
      },
      {
        "class_id": 2,
        "class_name": "color",
        "support": 21563,
        "precision": 0.6133351835148824,
        "recall": 0.8199230162778834,
        "f1": 0.7017404592272123,
        "iou": 0.5405240147971506,
        "dice": 0.7017404592272123,
        "specificity": 0.9993785440233203
      },
      {
        "class_id": 3,
        "class_name": "flip",
        "support": 410019,
        "precision": 0.9875304312543474,
        "recall": 0.9972342745092301,
        "f1": 0.9923586310336417,
        "iou": 0.9848331575068283,
        "dice": 0.9923586310336416,
        "specificity": 0.999705759069508
      },
      {
        "class_id": 4,
        "class_name": "scratch",
        "support": 43673,
        "precision": 0.7713364465199022,
        "recall": 0.7942435829917798,
        "f1": 0.7826224292950374,
        "iou": 0.6428756764771295,
        "dice": 0.7826224292950374,
        "specificity": 0.9994259537566478
      }
    ],
    "confusion_matrix": [
      [
        17450118,
        1,
        1777,
        5163,
        4498
      ],
      [
        7270,
        12,
        8195,
        0,
        4575
      ],
      [
        2673,
        0,
        17680,
        0,
        1210
      ],
      [
        1134,
        0,
        0,
        408885,
        0
      ],
      [
        7812,
        0,
        1174,
        0,
        34687
      ]
    ],
    "confusion_matrix_normalized_by_true": [
      [
        0.999344903779199,
        5.726866166631074e-08,
        0.00010176641178103419,
        0.00029567810018316234,
        0.0002575944401750657
      ],
      [
        0.362557350887692,
        0.0005984440454817474,
        0.40868741272691006,
        0.0,
        0.22815679233991623
      ],
      [
        0.12396234290219357,
        0.0,
        0.8199230162778834,
        0.0,
        0.05611464081992302
      ],
      [
        0.00276572549076994,
        0.0,
        0.0,
        0.9972342745092301,
        0.0
      ],
      [
        0.17887481968264146,
        0.0,
        0.026881597325578734,
        0.0,
        0.7942435829917798
      ]
    ],
    "total_pixels": 17956864
  }
}